1.135 -0.016
1.204 -0.022
1.335 -0.022
1.429 -0.035
1.560 -0.054
1.573 -0.054
1.573 -0.060
1.573 -0.066
1.573 -0.085
1.573 -0.098
1.566 -0.116
1.560 -0.122
1.554 -0.129
1.479 -0.135
1.404 -0.141
1.360 -0.141
1.310 -0.141
1.291 -0.141
1.229 -0.135
1.204 -0.135
1.185 -0.129
1.166 -0.129
1.129 -0.129
1.123 -0.129
1.123 -0.141
1.123 -0.185
1.123 -0.235
1.123 -0.254
1.123 -0.260
1.129 -0.273
1.129 -0.291
1.135 -0.297
1.141 -0.297
1.198 -0.297
1.260 -0.297
1.323 -0.297
1.385 -0.297
1.435 -0.297
1.472 -0.304
1.522 -0.304
1.529 -0.304
1.535 -0.304
1.541 -0.304
1.541 -0.297
1.522 -0.285
1.522 -0.254
1.522 -0.229
1.522 -0.166
1.529 -0.154
1.529 -0.129
1.529 -0.122
1.210 -0.623
1.310 -0.610
1.410 -0.610
1.498 -0.610
1.522 -0.610
1.529 -0.610
1.535 -0.610
1.541 -0.610
1.554 -0.623
1.566 -0.635
1.573 -0.691
1.573 -0.723
1.573 -0.729
1.573 -0.766
1.573 -0.772
1.573 -0.779
1.554 -0.797
1.504 -0.797
1.454 -0.797
1.410 -0.797
1.366 -0.797
1.304 -0.797
1.241 -0.797
1.210 -0.797
1.173 -0.797
1.166 -0.797
1.141 -0.797
1.141 -0.804
1.141 -0.829
1.141 -0.848
1.141 -0.860
1.141 -0.866
1.141 -0.873
1.154 -0.873
1.160 -0.879
1.166 -0.891
1.191 -0.897
1.204 -0.897
1.254 -0.904
1.304 -0.904
1.354 -0.904
1.410 -0.904
1.441 -0.904
1.498 -0.904
1.560 -0.891
1.573 -0.891
1.573 -0.879
1.160 -0.660
1.166 -0.710
1.173 -0.766
1.185 -0.791
1.198 -0.604
1.191 -0.604
1.185 -0.604
1.173 -0.604
1.166 -0.604
1.160 -0.604
1.298 -0.004
1.291 -0.004
1.260 0.009
1.241 0.009
1.235 0.009
1.229 0.009
1.222 0.009
