-0.021 -0.022
0.016 -0.022
0.072 -0.029
0.104 -0.029
0.116 -0.029
0.147 -0.029
0.154 -0.029
0.204 -0.029
0.210 -0.029
0.216 -0.029
0.223 -0.029
0.241 -0.022
0.254 -0.022
0.260 -0.022
0.260 -0.029
0.266 -0.029
0.260 -0.054
0.247 -0.104
0.235 -0.141
0.235 -0.154
0.235 -0.160
0.235 -0.166
0.235 -0.185
0.241 -0.198
0.247 -0.216
0.247 -0.223
0.247 -0.229
0.247 -0.235
0.247 -0.260
0.254 -0.304
0.254 -0.329
0.254 -0.335
0.266 -0.347
0.266 -0.354
0.266 -0.366
0.266 -0.379
0.273 -0.379
0.279 -0.391
0.279 -0.398
0.285 -0.398
0.304 -0.410
0.323 -0.410
0.329 -0.410
0.391 -0.429
0.404 -0.435
0.416 -0.435
0.441 -0.435
0.466 -0.429
0.485 -0.429
0.504 -0.422
0.510 -0.422
0.547 -0.410
0.560 -0.410
0.573 -0.410
0.579 -0.410
0.629 -0.410
0.635 -0.410
0.666 -0.410
0.716 -0.410
0.748 -0.398
0.760 -0.398
0.804 -0.398
0.810 -0.398
0.848 -0.398
0.891 -0.398
0.916 -0.398
0.922 -0.398
0.954 -0.398
0.960 -0.398
1.010 -0.404
1.104 -0.410
1.116 -0.410
1.185 -0.429
1.216 -0.429
1.235 -0.435
1.279 -0.435
1.310 -0.435
1.366 -0.435
1.416 -0.429
1.535 -0.429
1.591 -0.422
1.691 -0.422
1.710 -0.422
1.779 -0.422
1.829 -0.422
1.854 -0.410
1.923 -0.404
1.948 -0.404
1.954 -0.404
1.972 -0.398
2.004 -0.391
2.010 -0.385
2.035 -0.385
2.041 -0.385
2.066 -0.379
2.066 -0.372
2.072 -0.360
2.079 -0.335
2.085 -0.310
2.091 -0.266
2.091 -0.235
2.091 -0.210
2.085 -0.179
2.079 -0.154
2.066 -0.135
2.060 -0.122
2.047 -0.091
2.047 -0.079
2.041 -0.054
2.041 -0.022
2.035 0.009
2.041 0.040
2.041 0.052
2.041 0.077
2.041 0.090
2.041 0.096
2.041 0.109
2.047 0.128
2.047 0.134
2.047 0.146
2.060 0.146
2.085 0.152
2.085 0.159
2.098 0.159
2.110 0.159
2.116 0.159
2.135 0.165
2.135 0.171
2.141 0.171
2.147 0.171
