0.547 -1.004
0.485 -1.010
0.385 -1.010
0.360 -1.004
0.335 -1.004
0.310 -1.004
0.297 -1.004
0.291 -1.004
0.285 -1.004
0.279 -1.004
0.266 -1.004
0.254 -1.004
0.247 -1.010
0.235 -1.041
0.229 -1.073
0.229 -1.097
0.229 -1.141
0.229 -1.173
0.229 -1.229
0.235 -1.266
0.235 -1.279
0.247 -1.310
0.260 -1.366
0.266 -1.379
0.279 -1.397
0.291 -1.404
0.297 -1.416
0.310 -1.416
0.347 -1.429
0.354 -1.429
0.366 -1.429
0.366 -1.416
0.366 -1.373
0.366 -1.310
0.366 -1.266
0.366 -1.204
0.366 -1.160
0.354 -1.104
0.354 -1.073
0.354 -1.060
0.354 -1.035
0.347 -1.029
0.347 -1.016
0.366 -1.010
0.410 -1.004
0.454 -1.004
0.516 -1.004
0.547 -1.004
0.579 -1.004
0.585 -1.010
0.585 -1.079
0.591 -1.129
0.591 -1.210
0.591 -1.266
0.598 -1.310
0.604 -1.341
0.604 -1.366
0.604 -1.397
0.604 -1.429
0.604 -1.435
0.598 -1.441
0.591 -1.441
0.579 -1.448
0.554 -1.448
0.529 -1.448
0.516 -1.448
0.491 -1.448
0.485 -1.448
0.460 -1.441
0.454 -1.441
0.435 -1.441
0.410 -1.435
0.391 -1.435
0.379 -1.435
0.366 -1.435
0.347 -1.435
0.335 -1.435
0.329 -1.435
0.323 -1.435
0.316 -1.435
0.297 -1.435
0.291 -1.435
0.285 -1.435
0.260 -1.435
0.829 -1.029
0.829 -1.091
0.829 -1.160
0.829 -1.191
0.829 -1.229
0.829 -1.260
0.829 -1.304
0.829 -1.341
0.829 -1.373
0.829 -1.404
0.829 -1.416
0.835 -1.416
0.848 -1.416
0.866 -1.416
0.891 -1.416
0.935 -1.416
0.966 -1.416
0.991 -1.416
1.004 -1.416
1.022 -1.416
1.022 -1.410
1.054 -1.410
1.060 -1.410
1.066 -1.410
1.073 -1.410
1.104 -1.410
1.135 -1.410
1.141 -1.410
1.160 -1.410
1.160 -1.404
1.160 -1.385
1.160 -1.310
1.160 -1.272
1.154 -1.235
1.154 -1.204
1.154 -1.173
1.141 -1.160
1.141 -1.116
1.141 -1.079
1.141 -1.035
1.141 -1.016
1.141 -1.004
1.135 -1.004
1.097 -0.998
1.035 -0.991
0.991 -0.979
0.954 -0.979
0.922 -0.979
0.897 -0.979
0.854 -0.979
0.835 -0.979
1.029 -1.016
1.035 -1.079
1.041 -1.166
1.054 -1.229
1.054 -1.279
1.060 -1.310
1.060 -1.316
1.060 -1.341
1.060 -1.360
1.060 -1.373
1.060 -1.379
1.066 -1.385
