0.354 -0.041
0.354 -0.116
0.354 -0.210
0.354 -0.241
0.354 -0.260
0.354 -0.285
0.354 -0.297
0.354 -0.304
0.354 -0.310
0.360 -0.310
0.429 -0.310
0.491 -0.310
0.522 -0.310
0.547 -0.304
0.566 -0.304
0.616 -0.304
0.660 -0.304
0.698 -0.304
0.704 -0.304
0.716 -0.297
0.723 -0.297
0.735 -0.297
0.748 -0.297
0.754 -0.297
0.754 -0.291
0.754 -0.273
0.754 -0.241
0.754 -0.229
0.754 -0.191
0.754 -0.160
0.754 -0.135
0.754 -0.116
0.754 -0.085
0.754 -0.060
0.754 -0.029
0.754 -0.016
0.754 -0.004
0.754 0.009
0.748 0.009
0.723 0.009
0.647 0.009
0.560 0.009
0.529 0.009
0.485 0.009
0.448 0.009
0.391 0.009
0.335 0.009
0.323 0.009
0.316 0.009
0.316 0.003
0.316 -0.004
0.316 -0.041
0.323 -0.066
0.379 -0.085
0.454 -0.085
0.504 -0.091
0.566 -0.091
0.604 -0.091
0.647 -0.091
0.691 -0.091
0.723 -0.091
0.735 -0.091
0.748 -0.091
0.754 -0.091
0.379 -0.623
0.479 -0.623
0.591 -0.623
0.660 -0.623
0.716 -0.623
0.748 -0.623
0.760 -0.623
0.760 -0.635
0.760 -0.679
0.760 -0.704
0.760 -0.735
0.760 -0.766
0.760 -0.772
0.760 -0.779
0.760 -0.791
0.754 -0.797
0.716 -0.804
0.685 -0.810
0.635 -0.823
0.604 -0.823
0.579 -0.823
0.529 -0.804
0.491 -0.804
0.454 -0.797
0.429 -0.797
0.391 -0.797
0.379 -0.797
0.360 -0.791
0.335 -0.791
0.329 -0.791
0.323 -0.791
0.316 -0.772
0.316 -0.748
0.316 -0.710
0.316 -0.679
0.316 -0.635
0.316 -0.623
0.316 -0.804
0.323 -0.841
0.329 -0.860
0.347 -0.873
0.379 -0.879
0.454 -0.879
0.504 -0.879
0.566 -0.879
0.647 -0.879
0.666 -0.879
0.685 -0.879
0.698 -0.879
0.716 -0.879
0.723 -0.879
0.729 -0.879
0.748 -0.879
0.754 -0.879
0.760 -0.879
0.766 -0.879
0.772 -0.879
