0 0.32890625 0.4859375 0.0640625 0.1
0 0.03125 0.3328125 0.0625 0.0875
0 0.44140625 0.228125 0.06875 0.1078125
0 0.3921875 0.31640625 0.0546875 0.08125
0 0.246875 0.25 0.0640625 0.1078125
0 0.10859375 0.03046875 0.0765625 0.059375
0 0.271875 0.07890625 0.08125 0.1234375
0 0.29296875 0.02265625 0.04375 0.0453125
0 0.4546875 0.0265625 0.0484375 0.053125
0 0.7171875 0.03515625 0.053125 0.0703125
0 0.37109375 0.14453125 0.388671875 0.142578125 0.404296875 0.115234375 0.3984375 0.078125 0.38671875 0.06640625 0.37109375 0.064453125 0.3515625 0.087890625 0.357421875 0.13671875 0.37109375 0.14453125