1.460 -1.004
1.341 -1.010
1.291 -1.016
1.272 -1.016
1.254 -1.016
1.235 -1.016
1.204 -1.016
1.166 -1.016
1.166 -1.029
1.141 -1.091
1.141 -1.129
1.141 -1.160
1.141 -1.216
1.154 -1.260
1.160 -1.279
1.160 -1.310
1.160 -1.366
1.160 -1.385
1.166 -1.416
1.166 -1.429
1.173 -1.429
1.198 -1.435
1.210 -1.435
1.241 -1.435
1.254 -1.429
1.254 -1.410
1.254 -1.360
1.254 -1.279
1.254 -1.216
1.254 -1.160
1.254 -1.135
1.254 -1.110
1.241 -1.097
1.241 -1.079
1.241 -1.091
1.241 -1.147
1.241 -1.179
1.241 -1.229
1.241 -1.279
1.241 -1.341
1.254 -1.379
1.254 -1.385
1.260 -1.404
1.285 -1.410
1.304 -1.410
1.360 -1.410
1.397 -1.410
1.429 -1.410
1.435 -1.410
1.435 -1.404
1.435 -1.379
1.435 -1.329
1.435 -1.260
1.435 -1.198
1.435 -1.129
1.429 -1.079
1.429 -1.041
1.429 -1.029
1.429 -1.004
1.741 -1.035
1.748 -1.097
1.748 -1.179
1.748 -1.266
1.760 -1.347
1.766 -1.385
1.766 -1.397
1.766 -1.404
1.766 -1.410
1.766 -1.416
1.772 -1.416
1.823 -1.416
1.841 -1.416
1.891 -1.429
1.910 -1.429
1.935 -1.429
1.972 -1.429
1.991 -1.429
1.991 -1.416
1.991 -1.379
1.972 -1.316
1.966 -1.272
1.966 -1.229
1.948 -1.191
1.948 -1.160
1.941 -1.110
1.941 -1.079
1.941 -1.048
1.941 -1.010
1.941 -0.998
1.941 -0.973
1.923 -0.973
1.860 -0.973
1.810 -0.991
1.791 -0.998
2.010 -1.029
2.010 -1.079
2.010 -1.204
2.016 -1.260
2.016 -1.310
2.035 -1.347
2.035 -1.379
2.035 -1.397
2.035 -1.416
2.035 -1.435
2.041 -1.435
2.041 -1.441
