0.260 -0.085
0.323 -0.066
0.454 -0.054
0.660 -0.029
0.797 -0.029
0.966 -0.029
1.141 -0.029
1.291 -0.041
1.354 -0.054
1.410 -0.066
1.435 -0.072
1.472 -0.085
1.504 -0.104
1.541 -0.129
1.573 -0.154
1.597 -0.191
1.597 -0.235
1.554 -0.297
1.460 -0.335
1.366 -0.366
1.241 -0.398
1.116 -0.410
0.991 -0.429
0.804 -0.441
0.672 -0.454
0.591 -0.454
0.485 -0.454
0.435 -0.454
0.410 -0.454
0.385 -0.454
0.354 -0.466
0.297 -0.479
0.254 -0.510
0.235 -0.541
0.223 -0.566
0.216 -0.629
0.210 -0.698
0.210 -0.772
0.210 -0.823
0.223 -0.873
0.235 -0.904
0.285 -0.929
0.379 -0.948
0.466 -0.960
0.560 -0.960
0.660 -0.966
0.816 -0.973
1.066 -0.979
1.260 -0.979
1.466 -0.979
1.529 -0.979
1.554 -0.979
1.560 -0.979
1.554 -0.979
